,Generation,Record,Best Score,Average Score
0,1,0,10,0.3
1,2,10,20,0.66
2,3,20,30,0.94
3,4,30,30,1.16
4,5,30,20,1.18
5,6,30,30,1.42
6,7,30,20,1.5
7,8,30,30,1.78
8,9,30,30,1.82
9,10,30,20,1.96
10,11,30,20,2.02
11,12,30,30,2.34
12,13,30,30,2.08
13,14,30,20,2.58
14,15,30,40,2.36
15,16,40,30,2.5
16,17,40,30,2.24
17,18,40,20,2.2
18,19,40,20,3.02
19,20,40,20,3.02
20,21,40,20,3.02
21,22,40,20,3.0
22,23,40,30,3.48
23,24,40,20,3.28
24,25,40,30,3.06
25,26,40,30,3.54
26,27,40,30,3.32
27,28,40,30,3.94
28,29,40,20,3.4
29,30,40,30,3.36
30,31,40,30,3.4
31,32,40,30,3.26
32,33,40,30,3.78
33,34,40,30,3.78
34,35,40,30,4.08
35,36,40,30,4.76
36,37,40,30,3.92
37,38,40,30,3.96
38,39,40,30,4.04
39,40,40,30,3.92
40,41,40,30,3.84
41,42,40,30,3.9
42,43,40,30,3.42
43,44,40,30,3.8
44,45,40,40,3.92
45,46,40,30,4.1
46,47,40,30,3.66
47,48,40,50,4.28
48,49,50,30,4.22
49,50,50,30,4.78
50,51,50,40,4.1
51,52,50,30,4.46
52,53,50,30,4.54
53,54,50,30,4.08
54,55,50,40,4.7
55,56,50,40,4.74
56,57,50,30,4.44
57,58,50,30,4.36
58,59,50,30,4.6
59,60,50,30,4.62
60,61,50,30,4.38
61,62,50,30,4.26
62,63,50,40,4.36
63,64,50,50,4.76
64,65,50,40,4.88
65,66,50,40,5.12
66,67,50,50,5.52
67,68,50,40,5.66
68,69,50,30,5.12
69,70,50,30,4.64
70,71,50,40,4.98
71,72,50,40,5.78
72,73,50,50,6.86
73,74,50,50,7.38
74,75,50,50,8.16
75,76,50,50,8.08
76,77,50,50,9.32
77,78,50,40,8.36
78,79,50,80,8.68
79,80,80,50,8.14
80,81,80,60,9.1
81,82,80,60,9.54
82,83,80,50,9.02
83,84,80,70,9.88
84,85,80,60,9.58
85,86,80,50,10.02
86,87,80,70,10.78
87,88,80,60,11.36
88,89,80,90,11.88
89,90,90,60,12.6
90,91,90,80,12.8
91,92,90,70,14.26
92,93,90,70,14.04
93,94,90,110,14.04
94,95,110,90,14.48
95,96,110,100,15.12
96,97,110,90,16.14
97,98,110,90,15.68
98,99,110,90,15.64
99,100,110,100,15.46
100,101,110,100,18.12
101,102,110,110,17.82
102,103,110,110,18.74
103,104,110,110,18.2
104,105,110,100,18.34
105,106,110,110,17.82
106,107,110,120,19.0
107,108,120,100,18.36
108,109,120,100,20.0
109,110,120,120,20.8
110,111,120,120,20.5
111,112,120,110,23.22
112,113,120,110,21.7
113,114,120,120,23.3
114,115,120,120,25.16
115,116,120,120,24.76
116,117,120,110,25.36
117,118,120,130,24.88
118,119,130,120,26.7
119,120,130,110,24.94
120,121,130,120,24.96
121,122,130,110,25.12
122,123,130,110,24.68
123,124,130,120,24.08
124,125,130,110,24.02
125,126,130,140,24.72
126,127,140,120,24.1
127,128,140,130,27.42
128,129,140,140,27.36
129,130,140,130,28.44
130,131,140,110,24.54
131,132,140,120,25.1
132,133,140,120,25.86
133,134,140,130,29.56
134,135,140,110,27.7
135,136,140,120,26.24
136,137,140,120,29.0
137,138,140,130,28.12
138,139,140,150,27.36
139,140,150,120,29.04
140,141,150,130,30.98
141,142,150,130,30.76
142,143,150,130,30.16
143,144,150,120,31.78
144,145,150,130,29.14
145,146,150,120,29.26
146,147,150,130,31.08
147,148,150,130,29.1
148,149,150,140,30.06
149,150,150,130,28.98
150,151,150,130,30.98
151,152,150,130,30.46
152,153,150,130,32.86
153,154,150,130,30.66
154,155,150,140,30.06
155,156,150,140,29.52
156,157,150,140,36.94
157,158,150,140,35.46
158,159,150,130,31.46
159,160,150,130,33.46
160,161,150,150,34.26
161,162,150,130,35.48
162,163,150,160,35.54
163,164,160,160,38.0
164,165,160,130,37.52
165,166,160,140,37.92
166,167,160,150,36.68
167,168,160,150,40.5
168,169,160,160,35.56
169,170,160,160,40.68
170,171,160,140,41.36
171,172,160,170,44.48
172,173,170,140,41.32
173,174,170,140,42.5
174,175,170,140,45.22
175,176,170,150,44.24
176,177,170,150,41.72
177,178,170,150,43.02
178,179,170,150,42.72
179,180,170,150,43.28
180,181,170,140,42.98
181,182,170,150,44.28
182,183,170,140,42.82
183,184,170,140,42.14
184,185,170,150,41.12
185,186,170,140,41.26
186,187,170,140,41.08
187,188,170,160,40.6
188,189,170,140,40.48
189,190,170,130,38.8
190,191,170,150,40.9
191,192,170,150,38.64
192,193,170,140,40.98
193,194,170,170,46.18
194,195,170,160,39.84
195,196,170,150,44.38
196,197,170,160,47.22
197,198,170,160,42.3
198,199,170,180,45.1
199,200,180,140,44.42
200,201,180,140,47.34
201,202,180,150,49.58
202,203,180,170,50.68
203,204,180,150,50.02
204,205,180,140,54.58
205,206,180,140,51.68
206,207,180,150,53.52
207,208,180,160,52.08
208,209,180,150,55.98
209,210,180,160,54.66
210,211,180,140,52.0
211,212,180,150,54.04
212,213,180,150,52.42
213,214,180,150,53.0
214,215,180,160,53.86
215,216,180,210,57.28
216,217,210,140,55.14
217,218,210,180,57.54
218,219,210,170,56.98
219,220,210,210,60.48
220,221,210,180,63.3
221,222,210,170,57.74
222,223,210,180,62.0
223,224,210,170,65.86
224,225,210,220,65.3
225,226,220,200,62.7
226,227,220,220,66.34
227,228,220,210,68.5
228,229,220,220,63.44
229,230,220,240,64.1
230,231,240,220,66.38
231,232,240,230,68.48
232,233,240,220,64.9
233,234,240,240,67.62
234,235,240,240,72.08
235,236,240,250,70.82
236,237,250,240,72.82
237,238,250,240,71.18
238,239,250,230,68.66
239,240,250,250,71.36
240,241,250,230,63.58
241,242,250,240,67.98
242,243,250,220,69.08
243,244,250,230,68.14
244,245,250,230,67.76
245,246,250,220,67.44
246,247,250,230,72.8
247,248,250,220,67.02
248,249,250,230,70.7
249,250,250,260,70.52
250,251,260,220,77.4
251,252,260,230,69.6
252,253,260,240,67.7
253,254,260,230,67.68
254,255,260,230,71.68
255,256,260,250,67.7
256,257,260,220,66.72
257,258,260,220,64.48
258,259,260,240,65.06
259,260,260,260,66.64
260,261,260,280,65.56
261,262,280,250,69.98
262,263,280,250,73.84
263,264,280,270,70.52
264,265,280,270,75.4
265,266,280,340,78.46
266,267,340,250,83.64
267,268,340,270,78.48
268,269,340,250,88.04
269,270,340,250,91.22
270,271,340,290,89.36
271,272,340,280,82.36
272,273,340,270,86.06
273,274,340,270,79.78
274,275,340,270,79.1
275,276,340,260,82.48
276,277,340,280,89.14
277,278,340,260,86.54
278,279,340,260,92.28
279,280,340,290,94.42
280,281,340,290,89.16
281,282,340,280,86.76
282,283,340,280,91.94
283,284,340,250,88.9
284,285,340,270,78.98
285,286,340,290,84.0
286,287,340,280,83.04
287,288,340,250,88.56
288,289,340,280,90.68
289,290,340,250,80.22
290,291,340,270,84.18
291,292,340,260,83.38
292,293,340,250,88.24
293,294,340,270,84.9
294,295,340,260,87.82
295,296,340,250,88.1
296,297,340,240,84.08
297,298,340,260,81.96
298,299,340,260,84.0
299,300,340,250,78.96
300,301,340,260,80.06
301,302,340,250,86.9
302,303,340,260,83.92
303,304,340,290,88.02
304,305,340,260,88.84
305,306,340,270,85.14
306,307,340,250,88.48
307,308,340,260,87.6
308,309,340,260,95.84
309,310,340,270,94.02
310,311,340,240,92.8
311,312,340,250,92.58
312,313,340,240,91.06
313,314,340,280,91.26
314,315,340,250,98.58
315,316,340,290,94.3
316,317,340,260,101.26
317,318,340,270,102.22
318,319,340,260,100.84
319,320,340,260,99.32
320,321,340,260,103.76
321,322,340,270,108.36
322,323,340,290,113.7
323,324,340,300,103.66
324,325,340,290,106.88
325,326,340,310,106.26
326,327,340,310,112.2
327,328,340,290,104.68
328,329,340,310,109.4
329,330,340,310,110.86
330,331,340,290,108.32
331,332,340,340,113.16
332,333,340,290,103.24
333,334,340,310,106.58
334,335,340,340,107.82
335,336,340,290,103.9
336,337,340,320,108.0
337,338,340,300,109.78
338,339,340,330,109.3
339,340,340,320,100.06
340,341,340,330,101.06
341,342,340,310,97.26
342,343,340,300,100.58
343,344,340,300,101.88
344,345,340,290,105.52
345,346,340,300,112.68
346,347,340,330,99.82
347,348,340,310,106.8
348,349,340,310,107.46
349,350,340,300,105.0
350,351,340,310,108.72
351,352,340,320,110.64
352,353,340,310,110.56
353,354,340,310,113.7
354,355,340,300,112.7
355,356,340,310,109.34
356,357,340,310,114.96
357,358,340,330,117.06
358,359,340,320,116.84
359,360,340,320,111.72
360,361,340,330,118.14
361,362,340,310,117.88
362,363,340,300,122.38
363,364,340,310,121.1
364,365,340,320,121.26
365,366,340,320,124.86
366,367,340,320,122.82
367,368,340,320,121.56
368,369,340,330,112.36
369,370,340,340,114.24
370,371,340,340,114.64
371,372,340,340,106.24
372,373,340,300,111.08
373,374,340,300,108.02
374,375,340,330,108.24
375,376,340,310,108.46
376,377,340,300,114.58
377,378,340,320,110.76
378,379,340,330,110.08
379,380,340,300,111.74
380,381,340,320,107.52
381,382,340,320,115.2
382,383,340,320,108.06
383,384,340,340,112.72
384,385,340,330,111.66
385,386,340,320,108.94
386,387,340,320,121.46
387,388,340,350,116.52
388,389,350,340,117.14
389,390,350,340,112.38
390,391,350,320,113.22
391,392,350,330,113.64
392,393,350,310,112.6
393,394,350,360,109.68
394,395,360,320,112.92
395,396,360,350,106.52
396,397,360,350,110.74
397,398,360,340,111.7
398,399,360,330,108.6
399,400,360,340,108.64
400,401,360,330,111.98
401,402,360,340,112.1
402,403,360,330,101.2
403,404,360,310,108.72
404,405,360,320,101.5
405,406,360,320,97.2
406,407,360,340,107.7
407,408,360,350,101.64
408,409,360,340,115.76
409,410,360,310,101.12
410,411,360,340,102.02
411,412,360,330,106.92
412,413,360,320,103.28
413,414,360,320,101.06
414,415,360,330,105.04
415,416,360,350,112.44
416,417,360,330,105.58
417,418,360,340,121.06
418,419,360,320,112.5
419,420,360,320,114.62
420,421,360,330,120.18
421,422,360,340,116.82
422,423,360,340,113.66
423,424,360,330,117.02
424,425,360,360,116.14
425,426,360,350,114.32
426,427,360,350,112.68
427,428,360,360,111.74
428,429,360,340,118.34
429,430,360,340,108.96
430,431,360,340,117.38
431,432,360,330,113.04
432,433,360,330,120.58
433,434,360,360,121.7
434,435,360,360,120.78
435,436,360,350,120.58
436,437,360,350,122.9
437,438,360,350,116.04
438,439,360,340,108.16
439,440,360,330,108.38
440,441,360,330,112.16
441,442,360,340,117.04
442,443,360,340,104.72
443,444,360,330,108.46
444,445,360,330,120.18
445,446,360,330,109.98
446,447,360,320,116.6
447,448,360,330,118.78
448,449,360,340,122.82
449,450,360,390,120.78
450,451,390,360,117.88
451,452,390,340,130.46
452,453,390,350,119.82
453,454,390,330,121.18
454,455,390,350,115.52
455,456,390,320,109.06
456,457,390,310,107.12
457,458,390,330,110.72
458,459,390,330,119.24
459,460,390,320,117.8
460,461,390,360,113.86
461,462,390,340,116.0
462,463,390,330,111.6
463,464,390,360,118.44
464,465,390,340,109.52
465,466,390,340,108.54
466,467,390,350,100.42
467,468,390,340,110.16
468,469,390,330,110.12
469,470,390,340,109.1
470,471,390,330,104.48
471,472,390,320,107.94
472,473,390,370,101.38
473,474,390,320,103.06
474,475,390,330,110.96
475,476,390,320,108.72
476,477,390,320,113.98
477,478,390,360,110.8
478,479,390,320,112.22
479,480,390,330,114.78
480,481,390,320,116.3
481,482,390,350,115.56
482,483,390,320,116.1
483,484,390,320,122.2
484,485,390,340,116.96
485,486,390,330,116.92
486,487,390,350,114.76
487,488,390,320,114.58
488,489,390,320,114.8
489,490,390,340,114.4
490,491,390,310,112.3
491,492,390,340,104.78
492,493,390,330,109.36
493,494,390,310,108.2
494,495,390,370,121.68
495,496,390,350,126.82
496,497,390,320,118.24
497,498,390,350,117.48
498,499,390,330,121.24
499,500,390,330,118.08
500,501,390,360,113.16
501,502,390,360,116.0
502,503,390,380,110.96
503,504,390,330,117.52
504,505,390,330,115.18
505,506,390,320,113.26
506,507,390,310,116.82
507,508,390,340,112.02
508,509,390,330,113.02
509,510,390,350,115.24
510,511,390,310,117.9
511,512,390,320,107.42
512,513,390,320,121.32
513,514,390,350,118.34
514,515,390,380,113.28
515,516,390,340,115.1
516,517,390,330,119.86
517,518,390,320,119.3
518,519,390,340,123.0
519,520,390,320,117.8
520,521,390,310,112.16
521,522,390,330,123.44
522,523,390,330,120.88
523,524,390,380,127.08
524,525,390,330,117.9
525,526,390,320,118.42
526,527,390,340,120.74
527,528,390,360,120.48
528,529,390,330,123.38
529,530,390,350,125.76
530,531,390,330,123.28
531,532,390,370,117.2
532,533,390,340,129.88
533,534,390,350,123.7
534,535,390,320,122.72
535,536,390,320,121.08
536,537,390,330,115.16
537,538,390,350,130.98
538,539,390,340,125.2
539,540,390,350,120.02
540,541,390,340,133.96
541,542,390,340,127.66
542,543,390,350,130.5
543,544,390,360,125.86
544,545,390,340,133.42
545,546,390,340,124.92
546,547,390,360,125.76
547,548,390,350,122.78
548,549,390,350,124.78
549,550,390,340,129.52
550,551,390,350,121.52
551,552,390,360,124.28
552,553,390,370,132.22
553,554,390,370,129.64
554,555,390,360,138.0
555,556,390,330,136.14
556,557,390,350,127.12
557,558,390,340,141.26
558,559,390,340,139.1
559,560,390,340,141.72
560,561,390,370,140.1
561,562,390,360,136.08
562,563,390,360,145.42
563,564,390,370,145.3
564,565,390,340,145.72
565,566,390,360,143.88
566,567,390,370,135.96
567,568,390,380,139.02
568,569,390,350,133.1
569,570,390,370,131.08
570,571,390,360,131.08
571,572,390,360,134.94
572,573,390,350,136.14
573,574,390,360,132.06
574,575,390,340,125.92
575,576,390,340,126.44
576,577,390,370,127.8
577,578,390,360,124.12
578,579,390,380,127.06
579,580,390,350,114.84
580,581,390,330,124.6
581,582,390,370,121.56
