,Generation,Record,Best Score,Average Score
0,1,0,10,0.5
1,2,10,20,0.74
2,3,20,20,0.72
3,4,20,20,0.84
4,5,20,20,0.64
5,6,20,20,1.04
6,7,20,20,1.02
7,8,20,20,1.56
8,9,20,40,1.54
9,10,40,20,1.46
10,11,40,20,2.14
11,12,40,20,2.24
12,13,40,20,2.32
13,14,40,20,2.7
14,15,40,20,2.74
15,16,40,30,2.62
16,17,40,30,2.6
17,18,40,20,3.02
18,19,40,20,2.8
19,20,40,20,3.06
20,21,40,30,2.92
21,22,40,20,3.28
22,23,40,30,3.44
23,24,40,40,3.12
24,25,40,30,3.64
25,26,40,30,3.86
26,27,40,30,3.22
27,28,40,30,3.34
28,29,40,30,3.84
29,30,40,20,3.66
30,31,40,30,3.84
31,32,40,40,3.74
32,33,40,40,4.14
33,34,40,30,4.54
34,35,40,40,4.1
35,36,40,40,4.56
36,37,40,30,4.58
37,38,40,40,4.58
38,39,40,30,4.58
39,40,40,30,4.52
40,41,40,30,4.42
41,42,40,40,4.66
42,43,40,40,5.52
43,44,40,30,5.02
44,45,40,30,4.56
45,46,40,30,5.08
46,47,40,40,5.06
47,48,40,40,4.66
48,49,40,30,4.28
49,50,40,30,4.52
50,51,40,30,5.06
51,52,40,40,5.0
52,53,40,40,5.14
53,54,40,40,6.06
54,55,40,30,5.5
55,56,40,40,5.32
56,57,40,30,5.38
57,58,40,40,5.68
58,59,40,30,5.48
59,60,40,30,5.02
60,61,40,40,5.36
61,62,40,30,5.12
62,63,40,30,5.38
63,64,40,40,5.4
64,65,40,30,5.86
65,66,40,40,4.94
66,67,40,30,5.98
67,68,40,30,4.9
68,69,40,50,5.5
69,70,50,40,5.84
70,71,50,40,5.0
71,72,50,40,5.52
72,73,50,40,5.52
73,74,50,30,5.3
74,75,50,30,4.74
75,76,50,40,5.34
76,77,50,30,5.34
77,78,50,40,5.9
78,79,50,30,5.04
79,80,50,40,5.18
80,81,50,40,5.54
81,82,50,30,5.9
82,83,50,40,4.6
83,84,50,40,4.32
84,85,50,60,5.42
85,86,60,30,4.8
86,87,60,60,5.1
87,88,60,40,5.46
88,89,60,50,5.58
89,90,60,30,5.1
90,91,60,30,4.8
91,92,60,30,5.14
92,93,60,50,4.84
93,94,60,40,5.4
94,95,60,40,4.8
95,96,60,40,5.98
96,97,60,50,5.2
97,98,60,40,5.8
98,99,60,30,5.4
99,100,60,50,5.54
100,101,60,60,6.22
101,102,60,50,5.62
102,103,60,50,5.74
103,104,60,40,5.68
104,105,60,40,5.82
105,106,60,40,5.7
106,107,60,30,5.42
107,108,60,40,6.06
108,109,60,50,5.8
109,110,60,40,5.0
110,111,60,30,5.14
111,112,60,40,5.26
112,113,60,40,5.26
113,114,60,40,5.34
114,115,60,30,6.1
115,116,60,40,5.58
116,117,60,40,5.48
117,118,60,50,5.94
118,119,60,30,5.0
119,120,60,40,5.78
120,121,60,40,5.24
121,122,60,30,5.64
122,123,60,50,5.7
123,124,60,40,5.52
124,125,60,60,5.42
125,126,60,50,6.4
126,127,60,40,6.44
127,128,60,60,6.18
128,129,60,40,6.32
129,130,60,40,6.8
130,131,60,50,7.52
131,132,60,50,7.88
132,133,60,50,7.94
133,134,60,60,8.58
134,135,60,80,8.56
135,136,80,60,8.76
136,137,80,60,8.86
137,138,80,50,8.88
138,139,80,50,8.38
139,140,80,60,9.54
140,141,80,50,9.46
141,142,80,40,8.7
142,143,80,40,8.6
143,144,80,40,8.38
144,145,80,50,9.56
145,146,80,60,9.7
146,147,80,80,9.58
147,148,80,60,10.02
148,149,80,70,10.62
149,150,80,90,11.24
150,151,90,60,10.7
151,152,90,60,11.0
152,153,90,80,11.72
153,154,90,60,10.7
154,155,90,60,10.56
155,156,90,60,10.7
156,157,90,70,11.02
157,158,90,70,11.52
158,159,90,90,12.46
159,160,90,100,11.94
160,161,100,70,12.94
161,162,100,80,12.84
162,163,100,90,12.76
163,164,100,80,14.38
164,165,100,90,14.3
165,166,100,70,14.24
166,167,100,70,13.88
167,168,100,70,13.44
168,169,100,90,16.06
169,170,100,80,14.02
170,171,100,130,15.96
171,172,130,110,16.32
172,173,130,100,16.34
173,174,130,100,15.34
174,175,130,80,16.18
175,176,130,100,16.96
176,177,130,100,15.42
177,178,130,110,16.92
178,179,130,80,16.56
179,180,130,80,16.72
180,181,130,130,17.9
181,182,130,70,16.04
182,183,130,70,15.52
183,184,130,90,17.08
184,185,130,90,18.48
185,186,130,90,17.98
186,187,130,100,18.74
187,188,130,90,19.1
188,189,130,90,19.16
189,190,130,100,20.14
190,191,130,110,19.36
191,192,130,110,21.36
192,193,130,110,20.46
193,194,130,130,21.26
194,195,130,130,24.86
195,196,130,130,24.82
196,197,130,120,24.38
197,198,130,120,24.38
198,199,130,140,27.26
199,200,140,130,25.5
200,201,140,130,27.2
201,202,140,110,27.0
202,203,140,140,25.72
203,204,140,130,26.72
204,205,140,160,24.38
205,206,160,110,25.9
206,207,160,120,23.62
207,208,160,110,25.24
208,209,160,180,23.6
209,210,180,150,26.58
210,211,180,140,25.86
211,212,180,110,25.86
212,213,180,120,24.5
213,214,180,110,23.42
214,215,180,110,23.64
215,216,180,160,24.64
216,217,180,160,23.24
217,218,180,120,24.92
218,219,180,110,24.46
219,220,180,110,25.88
220,221,180,100,26.94
221,222,180,120,25.14
222,223,180,120,24.2
223,224,180,170,25.02
224,225,180,120,24.06
225,226,180,150,26.28
226,227,180,120,27.4
227,228,180,160,27.76
228,229,180,120,26.1
229,230,180,130,26.88
230,231,180,150,26.78
231,232,180,130,28.8
232,233,180,140,28.92
233,234,180,180,28.26
234,235,180,150,29.88
235,236,180,170,30.94
236,237,180,140,30.5
237,238,180,230,29.64
238,239,230,160,28.24
239,240,230,160,26.16
240,241,230,160,28.06
241,242,230,170,27.6
242,243,230,190,29.76
243,244,230,150,32.18
244,245,230,190,28.84
245,246,230,150,26.88
246,247,230,240,27.64
247,248,240,150,28.42
248,249,240,180,28.28
249,250,240,160,32.64
250,251,240,160,31.72
251,252,240,160,31.98
252,253,240,160,32.16
253,254,240,150,30.1
254,255,240,170,28.98
255,256,240,150,29.62
256,257,240,160,31.44
257,258,240,190,29.9
258,259,240,150,31.48
259,260,240,180,30.02
260,261,240,160,32.32
261,262,240,180,31.36
262,263,240,150,31.0
263,264,240,160,32.8
264,265,240,190,33.44
265,266,240,170,35.28
266,267,240,160,35.14
267,268,240,190,32.36
268,269,240,170,35.64
269,270,240,180,31.3
270,271,240,170,31.08
271,272,240,160,34.32
272,273,240,180,34.24
273,274,240,180,35.88
274,275,240,160,34.9
275,276,240,210,37.1
276,277,240,210,36.46
277,278,240,180,36.0
278,279,240,150,37.2
279,280,240,170,39.02
280,281,240,180,40.28
281,282,240,230,39.26
282,283,240,200,38.68
283,284,240,200,37.58
284,285,240,180,40.3
285,286,240,200,41.66
286,287,240,180,43.44
287,288,240,190,44.24
288,289,240,200,44.9
289,290,240,210,44.62
290,291,240,170,38.82
291,292,240,190,42.18
292,293,240,150,38.14
293,294,240,230,38.96
294,295,240,200,41.38
295,296,240,210,42.5
296,297,240,170,38.96
297,298,240,180,40.36
298,299,240,230,39.4
299,300,240,180,39.7
300,301,240,160,38.82
301,302,240,210,38.54
302,303,240,210,39.2
303,304,240,190,40.5
304,305,240,150,39.88
305,306,240,180,36.82
306,307,240,190,38.34
307,308,240,210,41.02
308,309,240,190,38.36
309,310,240,190,41.66
310,311,240,200,39.66
311,312,240,170,38.88
312,313,240,180,39.38
313,314,240,160,38.2
314,315,240,170,36.64
315,316,240,180,41.42
316,317,240,170,38.78
317,318,240,180,42.56
318,319,240,190,40.92
319,320,240,200,41.58
320,321,240,180,42.14
321,322,240,170,41.6
322,323,240,180,43.32
323,324,240,200,44.28
324,325,240,180,47.44
325,326,240,190,48.26
326,327,240,210,48.96
327,328,240,210,48.72
328,329,240,200,50.0
329,330,240,220,44.68
330,331,240,240,49.26
331,332,240,220,48.78
332,333,240,170,47.38
333,334,240,200,44.68
334,335,240,170,45.9
335,336,240,180,42.62
336,337,240,180,44.74
337,338,240,240,44.54
338,339,240,190,44.98
339,340,240,200,47.18
340,341,240,160,49.84
341,342,240,180,44.32
342,343,240,160,42.12
343,344,240,170,42.92
344,345,240,170,43.76
345,346,240,210,43.5
346,347,240,200,47.88
347,348,240,230,48.36
348,349,240,190,44.44
349,350,240,220,48.56
350,351,240,180,45.44
351,352,240,180,44.2
352,353,240,190,46.76
353,354,240,170,44.7
354,355,240,210,46.04
355,356,240,190,45.68
356,357,240,220,44.54
357,358,240,200,45.96
358,359,240,180,45.16
359,360,240,190,47.68
360,361,240,170,43.8
361,362,240,200,42.92
362,363,240,190,45.82
363,364,240,200,45.66
364,365,240,180,44.76
365,366,240,190,46.12
366,367,240,180,41.62
367,368,240,180,42.04
368,369,240,190,41.54
369,370,240,210,46.2
370,371,240,180,46.18
371,372,240,220,44.52
372,373,240,180,42.74
373,374,240,190,45.12
374,375,240,280,45.28
375,376,280,190,43.86
376,377,280,220,47.44
377,378,280,220,48.44
378,379,280,270,45.84
379,380,280,190,51.86
380,381,280,220,47.7
381,382,280,190,47.76
382,383,280,200,47.16
383,384,280,200,47.06
384,385,280,210,47.26
385,386,280,170,49.24
386,387,280,200,47.5
387,388,280,180,45.76
388,389,280,220,45.3
389,390,280,250,46.42
390,391,280,190,49.22
391,392,280,200,49.6
392,393,280,210,48.06
393,394,280,160,49.08
394,395,280,160,48.02
395,396,280,190,48.04
396,397,280,230,48.98
397,398,280,220,49.32
398,399,280,180,49.06
399,400,280,190,47.78
400,401,280,230,50.78
401,402,280,240,50.64
402,403,280,220,46.5
403,404,280,190,53.12
404,405,280,210,49.74
405,406,280,200,48.38
406,407,280,190,47.6
407,408,280,190,48.36
408,409,280,220,50.44
409,410,280,200,50.74
410,411,280,200,46.98
411,412,280,180,46.02
412,413,280,220,45.4
413,414,280,220,46.16
414,415,280,190,43.1
415,416,280,210,44.12
416,417,280,230,47.4
417,418,280,230,48.96
418,419,280,220,49.08
419,420,280,220,50.48
420,421,280,230,49.72
421,422,280,210,51.34
422,423,280,220,49.08
423,424,280,260,49.1
424,425,280,200,48.02
425,426,280,200,49.18
426,427,280,210,47.74
427,428,280,230,51.12
428,429,280,230,50.98
429,430,280,230,51.54
430,431,280,280,50.74
431,432,280,190,56.02
432,433,280,250,53.0
433,434,280,210,54.76
434,435,280,190,54.2
435,436,280,230,57.68
436,437,280,250,56.5
437,438,280,230,53.82
438,439,280,230,58.96
439,440,280,210,55.5
440,441,280,230,55.78
441,442,280,270,58.7
442,443,280,220,57.46
443,444,280,210,54.88
444,445,280,240,55.68
445,446,280,240,59.34
446,447,280,220,58.02
447,448,280,260,59.42
448,449,280,240,58.1
449,450,280,220,59.8
450,451,280,250,62.72
451,452,280,240,58.3
452,453,280,220,60.08
453,454,280,280,65.96
454,455,280,280,66.16
455,456,280,240,60.18
456,457,280,240,62.16
457,458,280,260,61.04
458,459,280,230,65.66
459,460,280,250,60.88
460,461,280,270,62.9
461,462,280,250,68.46
462,463,280,230,69.86
463,464,280,230,66.7
464,465,280,250,74.82
465,466,280,250,71.62
466,467,280,270,73.7
467,468,280,250,74.06
468,469,280,250,74.4
469,470,280,240,72.88
470,471,280,270,75.0
471,472,280,300,73.94
472,473,300,260,70.58
473,474,300,290,73.84
474,475,300,240,65.36
475,476,300,260,67.42
476,477,300,260,63.7
477,478,300,240,69.98
478,479,300,240,74.42
479,480,300,250,71.02
480,481,300,250,78.12
481,482,300,300,70.22
482,483,300,280,74.86
483,484,300,230,68.16
484,485,300,250,71.92
485,486,300,280,69.46
486,487,300,280,75.6
487,488,300,290,73.08
488,489,300,300,73.42
489,490,300,260,71.5
490,491,300,290,78.94
491,492,300,270,78.18
492,493,300,250,73.14
493,494,300,260,75.32
494,495,300,270,74.24
495,496,300,290,71.68
496,497,300,280,72.4
497,498,300,260,72.0
498,499,300,290,81.34
499,500,300,270,69.6
500,501,300,300,75.76
501,502,300,300,76.06
502,503,300,330,75.16
503,504,330,300,75.54
504,505,330,310,69.52
505,506,330,250,69.32
506,507,330,270,75.58
507,508,330,300,75.18
508,509,330,280,70.84
509,510,330,310,74.04
510,511,330,270,76.2
511,512,330,260,76.46
512,513,330,290,78.94
513,514,330,290,72.56
514,515,330,320,86.78
515,516,330,260,78.98
516,517,330,280,73.28
517,518,330,310,79.0
518,519,330,320,78.98
519,520,330,330,83.84
520,521,330,300,86.5
521,522,330,280,79.98
522,523,330,330,80.78
523,524,330,350,85.42
524,525,350,320,87.1
525,526,350,330,84.18
526,527,350,280,84.06
527,528,350,320,78.94
528,529,350,290,81.84
529,530,350,320,81.38
530,531,350,310,88.06
531,532,350,310,85.02
532,533,350,300,84.38
533,534,350,330,86.8
534,535,350,290,90.14
535,536,350,280,84.12
536,537,350,320,85.52
537,538,350,300,86.6
538,539,350,320,81.36
539,540,350,300,87.28
540,541,350,320,88.06
541,542,350,310,84.58
542,543,350,310,85.62
543,544,350,350,92.22
544,545,350,340,96.68
545,546,350,310,94.0
546,547,350,360,95.32
547,548,360,370,93.24
548,549,370,360,96.08
549,550,370,320,100.98
550,551,370,350,103.94
551,552,370,360,99.54
552,553,370,340,102.82
553,554,370,330,96.2
554,555,370,340,102.36
555,556,370,330,102.54
556,557,370,350,95.8
557,558,370,360,101.56
558,559,370,320,93.7
559,560,370,350,103.02
560,561,370,360,101.92
561,562,370,370,99.28
562,563,370,320,98.74
563,564,370,340,92.28
564,565,370,350,91.74
565,566,370,380,96.04
566,567,380,330,104.38
567,568,380,340,98.12
568,569,380,360,100.28
569,570,380,350,105.04
570,571,380,360,104.58
571,572,380,350,102.86
572,573,380,340,103.54
573,574,380,390,97.36
574,575,390,320,99.96
575,576,390,380,95.44
576,577,390,330,104.7
577,578,390,360,99.08
578,579,390,340,99.36
579,580,390,350,95.6
580,581,390,330,107.32
581,582,390,330,99.34
582,583,390,320,95.28
583,584,390,330,99.46
584,585,390,370,98.98
585,586,390,320,95.7
586,587,390,340,92.26
587,588,390,300,101.86
588,589,390,310,98.46
589,590,390,350,96.92
590,591,390,360,94.94
591,592,390,360,96.62
592,593,390,330,97.18
593,594,390,330,97.92
594,595,390,320,104.2
595,596,390,300,93.78
596,597,390,320,101.14
597,598,390,350,95.98
598,599,390,330,96.66
599,600,390,300,96.98
600,601,390,310,93.02
601,602,390,370,95.54
602,603,390,330,98.74
603,604,390,330,100.4
604,605,390,340,95.34
605,606,390,290,97.88
606,607,390,360,93.98
607,608,390,310,96.0
608,609,390,330,99.82
609,610,390,330,99.72
610,611,390,320,102.1
611,612,390,330,96.04
612,613,390,340,90.02
613,614,390,330,96.66
614,615,390,330,94.04
615,616,390,340,93.8
616,617,390,330,97.88
617,618,390,330,93.14
618,619,390,310,90.76
619,620,390,340,94.12
620,621,390,340,94.04
621,622,390,310,92.04
622,623,390,330,95.62
623,624,390,310,93.96
624,625,390,350,96.46
625,626,390,320,92.02
626,627,390,330,91.6
627,628,390,340,97.06
628,629,390,340,94.84
629,630,390,350,91.3
630,631,390,310,96.58
631,632,390,360,99.22
632,633,390,330,95.54
633,634,390,310,90.34
634,635,390,300,93.3
635,636,390,290,91.14
636,637,390,350,85.62
637,638,390,310,96.0
638,639,390,330,92.04
639,640,390,330,100.38
640,641,390,370,106.64
641,642,390,380,88.94
642,643,390,340,93.22
643,644,390,340,97.86
644,645,390,340,101.2
645,646,390,350,97.62
646,647,390,340,100.6
647,648,390,310,98.18
648,649,390,360,100.1
649,650,390,340,106.48
650,651,390,320,95.08
651,652,390,350,98.02
652,653,390,320,100.3
653,654,390,320,92.44
654,655,390,320,99.94
655,656,390,340,94.06
656,657,390,340,100.22
657,658,390,300,92.78
658,659,390,320,100.7
659,660,390,340,96.44
660,661,390,330,96.58
661,662,390,320,95.26
662,663,390,360,104.02
663,664,390,350,108.06
664,665,390,320,105.78
665,666,390,350,107.2
666,667,390,340,99.12
667,668,390,330,110.72
668,669,390,330,107.26
669,670,390,330,105.72
670,671,390,330,101.12
671,672,390,400,106.78
672,673,400,340,104.34
673,674,400,330,111.1
674,675,400,350,109.76
675,676,400,370,107.3
676,677,400,380,115.54
677,678,400,380,118.04
678,679,400,390,118.7
679,680,400,380,113.2
680,681,400,350,109.84
681,682,400,330,110.7
682,683,400,330,112.26
683,684,400,340,113.3
684,685,400,350,111.44
685,686,400,350,116.2
686,687,400,350,109.36
687,688,400,340,109.82
688,689,400,340,107.1
689,690,400,350,111.54
690,691,400,350,117.24
691,692,400,360,114.28
692,693,400,340,114.0
693,694,400,370,107.2
694,695,400,380,109.18
695,696,400,340,116.92
696,697,400,350,113.54
697,698,400,340,112.82
698,699,400,330,113.16
699,700,400,380,122.56
700,701,400,370,116.98
701,702,400,330,117.6
702,703,400,350,124.74
703,704,400,350,120.76
704,705,400,350,122.0
705,706,400,390,135.1
706,707,400,340,130.1
707,708,400,330,131.72
708,709,400,350,131.46
709,710,400,340,129.34
710,711,400,340,128.8
711,712,400,330,129.54
712,713,400,340,122.6
713,714,400,330,124.78
714,715,400,350,133.06
715,716,400,340,123.64
716,717,400,330,118.2
717,718,400,340,122.48
718,719,400,330,116.16
719,720,400,350,125.52
720,721,400,360,125.58
721,722,400,350,125.14
722,723,400,360,119.66
723,724,400,320,120.68
724,725,400,340,125.42
725,726,400,380,125.62
726,727,400,340,126.18
727,728,400,350,120.38
728,729,400,360,117.4
729,730,400,340,119.9
730,731,400,350,121.28
731,732,400,330,126.58
732,733,400,350,127.02
733,734,400,350,125.76
734,735,400,330,125.5
735,736,400,330,125.72
736,737,400,340,131.9
737,738,400,350,129.12
738,739,400,360,128.84
739,740,400,320,127.96
740,741,400,350,130.78
741,742,400,360,139.68
742,743,400,350,135.64
743,744,400,390,128.2
744,745,400,360,129.18
745,746,400,360,144.46
746,747,400,340,132.9
747,748,400,360,138.16
748,749,400,390,145.86
749,750,400,360,144.38
750,751,400,370,139.96
751,752,400,350,146.58
752,753,400,340,140.58
753,754,400,350,138.6
754,755,400,380,140.4
755,756,400,360,139.54
756,757,400,370,147.4
757,758,400,380,140.98
758,759,400,370,138.4
759,760,400,360,142.16
760,761,400,360,136.7
761,762,400,370,140.84
762,763,400,360,151.22
763,764,400,350,146.7
764,765,400,360,147.42
765,766,400,350,146.92
766,767,400,360,135.06
767,768,400,370,134.66
768,769,400,360,148.3
769,770,400,360,145.56
770,771,400,350,138.92
771,772,400,340,136.92
772,773,400,380,135.38
773,774,400,370,138.38
774,775,400,370,144.92
775,776,400,410,143.16
776,777,410,380,146.4
777,778,410,370,132.0
778,779,410,350,138.3
779,780,410,370,140.44
780,781,410,370,135.72
781,782,410,350,128.74
782,783,410,330,134.58
783,784,410,370,144.82
784,785,410,360,136.64
785,786,410,400,139.86
786,787,410,390,138.0
787,788,410,370,142.18
788,789,410,370,143.5
789,790,410,370,142.32
790,791,410,360,145.4
791,792,410,370,144.74
792,793,410,360,138.8
793,794,410,370,145.86
794,795,410,360,140.7
795,796,410,400,144.7
796,797,410,370,144.56
797,798,410,380,141.88
798,799,410,370,143.92
799,800,410,340,135.32
800,801,410,390,141.12
801,802,410,360,134.42
802,803,410,350,131.06
803,804,410,390,140.48
804,805,410,380,135.92
805,806,410,360,137.12
806,807,410,360,141.52
807,808,410,390,136.46
808,809,410,380,145.42
809,810,410,410,131.98
810,811,410,360,134.38
811,812,410,380,123.72
812,813,410,380,132.98
813,814,410,400,131.56
814,815,410,400,134.0
815,816,410,370,131.7
816,817,410,390,128.76
817,818,410,420,138.8
818,819,420,380,135.14
819,820,420,430,137.1
820,821,430,360,132.44
821,822,430,350,130.18
822,823,430,350,128.1
823,824,430,370,138.6
824,825,430,370,131.36
825,826,430,380,134.54
826,827,430,370,130.64
827,828,430,340,138.3
828,829,430,340,126.32
829,830,430,380,139.0
830,831,430,340,130.78
831,832,430,390,131.6
832,833,430,380,132.96
833,834,430,370,133.26
834,835,430,400,136.26
835,836,430,410,142.86
836,837,430,380,122.7
837,838,430,360,125.54
838,839,430,380,123.42
839,840,430,360,140.08
840,841,430,400,121.32
841,842,430,360,127.9
842,843,430,400,124.4
843,844,430,380,142.8
844,845,430,410,135.04
845,846,430,380,128.34
846,847,430,360,130.06
847,848,430,390,138.88
848,849,430,410,140.2
849,850,430,380,130.96
850,851,430,380,127.64
851,852,430,400,136.94
852,853,430,430,146.22
853,854,430,400,151.66
854,855,430,410,142.32
855,856,430,390,137.32
856,857,430,380,137.4
857,858,430,410,132.66
858,859,430,390,144.66
859,860,430,390,138.12
860,861,430,400,146.94
861,862,430,380,132.74
862,863,430,410,140.04
863,864,430,420,140.5
864,865,430,430,143.42
865,866,430,390,146.14
866,867,430,380,140.26
867,868,430,400,151.4
868,869,430,410,158.4
869,870,430,390,157.26
870,871,430,410,154.56
871,872,430,390,158.4
872,873,430,390,150.92
873,874,430,410,162.74
874,875,430,410,154.32
875,876,430,410,152.88
876,877,430,420,151.62
877,878,430,420,158.54
878,879,430,440,161.66
879,880,440,420,162.0
880,881,440,410,157.8
881,882,440,400,154.66
882,883,440,420,149.66
883,884,440,410,163.46
884,885,440,420,161.76
885,886,440,400,165.1
886,887,440,420,143.14
887,888,440,420,167.22
888,889,440,430,173.24
889,890,440,430,179.68
890,891,440,420,167.72
891,892,440,420,162.42
892,893,440,420,155.7
893,894,440,420,164.12
894,895,440,410,167.26
895,896,440,420,164.68
896,897,440,420,154.72
897,898,440,420,162.14
898,899,440,450,163.52
899,900,450,430,164.38
900,901,450,430,161.44
901,902,450,420,161.28
902,903,450,410,165.56
903,904,450,410,164.32
904,905,450,420,168.28
905,906,450,420,170.62
906,907,450,410,162.9
907,908,450,410,167.64
908,909,450,400,157.92
909,910,450,430,164.32
910,911,450,420,169.92
911,912,450,470,190.48
912,913,470,420,172.94
913,914,470,430,163.68
914,915,470,430,171.4
915,916,470,460,171.44
916,917,470,430,179.78
917,918,470,440,168.24
918,919,470,420,164.48
919,920,470,420,171.8
920,921,470,420,161.3
921,922,470,450,165.8
922,923,470,420,160.7
923,924,470,440,155.38
924,925,470,420,161.2
925,926,470,420,164.92
926,927,470,440,165.38
927,928,470,440,155.52
928,929,470,420,162.06
929,930,470,430,168.88
930,931,470,460,161.9
931,932,470,450,165.06
932,933,470,440,160.14
933,934,470,420,163.7
934,935,470,420,156.36
935,936,470,430,170.98
936,937,470,440,161.64
937,938,470,440,167.94
938,939,470,460,163.22
939,940,470,430,171.24
940,941,470,450,160.86
941,942,470,440,165.36
942,943,470,460,165.48
943,944,470,450,158.76
944,945,470,440,175.06
945,946,470,460,156.98
946,947,470,440,158.28
947,948,470,440,157.9
948,949,470,430,159.3
949,950,470,460,165.66
950,951,470,450,158.7
951,952,470,450,162.64
952,953,470,460,159.82
953,954,470,450,170.68
954,955,470,440,167.96
955,956,470,440,164.28
956,957,470,440,174.24
957,958,470,430,172.82
958,959,470,460,164.62
959,960,470,450,168.92
960,961,470,440,171.82
961,962,470,460,159.34
962,963,470,440,164.14
963,964,470,430,167.56
964,965,470,440,166.78
965,966,470,440,167.76
966,967,470,450,171.34
967,968,470,450,172.42
968,969,470,430,174.0
969,970,470,440,182.64
970,971,470,440,174.62
971,972,470,430,173.6
972,973,470,440,174.44
973,974,470,440,178.64
974,975,470,460,181.84
975,976,470,450,178.26
976,977,470,430,182.58
977,978,470,430,181.3
978,979,470,440,178.06
979,980,470,430,178.2
980,981,470,440,177.18
981,982,470,470,190.38
982,983,470,440,187.9
983,984,470,470,192.74
984,985,470,430,177.88
985,986,470,440,182.02
986,987,470,440,175.04
987,988,470,450,187.8
988,989,470,450,195.86
989,990,470,460,181.62
990,991,470,460,191.06
991,992,470,450,183.14
992,993,470,450,183.5
993,994,470,440,175.46
994,995,470,440,175.62
995,996,470,440,185.42
996,997,470,450,177.6
997,998,470,450,180.74
998,999,470,430,184.72
999,1000,470,440,185.54
1000,1001,470,450,177.6
1001,1002,470,450,173.0
1002,1003,470,450,173.4
1003,1004,470,440,175.26
1004,1005,470,460,165.66
1005,1006,470,440,166.08
1006,1007,470,460,184.84
1007,1008,470,450,182.24
1008,1009,470,450,176.34
1009,1010,470,440,172.68
1010,1011,470,470,181.5
1011,1012,470,430,173.28
1012,1013,470,460,176.26
1013,1014,470,450,173.78
1014,1015,470,440,177.74
1015,1016,470,450,176.82
1016,1017,470,450,184.88
1017,1018,470,450,178.7
1018,1019,470,450,169.98
1019,1020,470,450,182.54
1020,1021,470,450,183.72
1021,1022,470,450,178.04
1022,1023,470,440,173.48
1023,1024,470,450,180.58
1024,1025,470,450,171.5
1025,1026,470,450,184.56
1026,1027,470,450,168.0
1027,1028,470,440,186.92
1028,1029,470,460,184.94
1029,1030,470,440,188.38
1030,1031,470,440,185.64
1031,1032,470,440,186.74
1032,1033,470,450,195.94
1033,1034,470,450,199.86
1034,1035,470,480,193.88
1035,1036,480,440,198.12
1036,1037,480,450,193.6
1037,1038,480,460,192.32
1038,1039,480,450,188.84
1039,1040,480,460,179.6
1040,1041,480,460,190.28
1041,1042,480,440,178.52
1042,1043,480,440,170.2
1043,1044,480,450,183.66
1044,1045,480,450,176.88
1045,1046,480,460,184.46
1046,1047,480,460,184.74
1047,1048,480,470,183.6
1048,1049,480,490,181.92
1049,1050,490,460,183.0
1050,1051,490,450,190.88
1051,1052,490,470,185.24
1052,1053,490,460,197.06
1053,1054,490,470,187.5
1054,1055,490,450,186.66
1055,1056,490,460,184.9
1056,1057,490,450,178.6
1057,1058,490,450,190.32
1058,1059,490,450,189.26
1059,1060,490,450,179.42
1060,1061,490,470,184.36
1061,1062,490,440,177.48
1062,1063,490,440,172.64
1063,1064,490,450,172.2
1064,1065,490,450,183.68
1065,1066,490,460,174.74
1066,1067,490,450,179.42
1067,1068,490,450,173.94
1068,1069,490,450,171.04
1069,1070,490,460,170.92
1070,1071,490,450,176.58
1071,1072,490,450,175.1
1072,1073,490,450,171.2
1073,1074,490,450,168.9
1074,1075,490,450,156.9
1075,1076,490,450,170.42
1076,1077,490,440,157.38
1077,1078,490,450,174.92
1078,1079,490,470,167.74
1079,1080,490,440,168.22
1080,1081,490,440,162.46
1081,1082,490,450,165.7
1082,1083,490,440,164.08
1083,1084,490,470,167.42
1084,1085,490,470,163.22
1085,1086,490,440,154.94
1086,1087,490,440,160.6
1087,1088,490,470,171.62
1088,1089,490,450,164.7
1089,1090,490,440,163.94
1090,1091,490,470,165.84
1091,1092,490,470,164.98
1092,1093,490,460,164.34
1093,1094,490,440,173.42
1094,1095,490,480,169.18
1095,1096,490,450,183.38
1096,1097,490,470,173.72
1097,1098,490,470,173.54
1098,1099,490,460,167.36
1099,1100,490,440,170.56
1100,1101,490,430,177.6
1101,1102,490,450,172.38
1102,1103,490,450,165.18
1103,1104,490,450,169.38
1104,1105,490,460,168.36
1105,1106,490,450,174.64
1106,1107,490,440,175.58
1107,1108,490,450,172.84
1108,1109,490,450,169.34
1109,1110,490,450,182.98
1110,1111,490,450,172.24
1111,1112,490,450,164.78
1112,1113,490,430,174.86
1113,1114,490,450,167.76
1114,1115,490,450,185.02
1115,1116,490,440,200.88
1116,1117,490,450,194.42
1117,1118,490,490,196.0
1118,1119,490,440,201.02
1119,1120,490,450,203.26
1120,1121,490,450,192.66
1121,1122,490,460,192.14
1122,1123,490,470,188.14
1123,1124,490,440,195.0
1124,1125,490,460,204.94
1125,1126,490,440,189.28
1126,1127,490,450,185.52
1127,1128,490,470,182.98
1128,1129,490,460,169.36
1129,1130,490,430,169.3
1130,1131,490,440,178.62
1131,1132,490,450,183.38
1132,1133,490,460,190.92
1133,1134,490,430,174.2
1134,1135,490,450,188.7
1135,1136,490,460,188.4
1136,1137,490,440,179.66
1137,1138,490,450,185.48
1138,1139,490,440,191.48
1139,1140,490,440,192.6
1140,1141,490,450,186.2
1141,1142,490,440,186.78
1142,1143,490,450,183.82
1143,1144,490,440,182.32
1144,1145,490,470,192.62
1145,1146,490,440,189.06
1146,1147,490,440,188.16
1147,1148,490,450,199.54
1148,1149,490,460,198.78
1149,1150,490,450,190.9
1150,1151,490,450,198.1
1151,1152,490,440,200.3
1152,1153,490,440,182.34
1153,1154,490,450,195.96
1154,1155,490,450,185.18
1155,1156,490,440,182.94
1156,1157,490,440,184.66
1157,1158,490,460,200.72
1158,1159,490,450,188.54
1159,1160,490,440,186.62
1160,1161,490,450,194.62
1161,1162,490,450,192.46
1162,1163,490,440,186.86
1163,1164,490,440,197.32
1164,1165,490,450,196.58
1165,1166,490,460,194.44
1166,1167,490,460,190.22
1167,1168,490,470,181.46
1168,1169,490,450,185.92
1169,1170,490,460,192.08
1170,1171,490,450,178.46
1171,1172,490,460,192.82
1172,1173,490,470,190.2
1173,1174,490,460,175.26
1174,1175,490,460,193.84
1175,1176,490,450,194.08
1176,1177,490,460,190.54
1177,1178,490,460,186.52
1178,1179,490,460,186.98
1179,1180,490,450,202.18
1180,1181,490,470,198.92
1181,1182,490,450,188.14
1182,1183,490,450,189.18
1183,1184,490,460,201.98
1184,1185,490,450,191.36
1185,1186,490,450,189.88
1186,1187,490,440,178.86
1187,1188,490,460,173.44
1188,1189,490,450,184.72
1189,1190,490,460,198.1
1190,1191,490,460,189.3
1191,1192,490,450,176.44
1192,1193,490,460,177.5
1193,1194,490,450,192.98
1194,1195,490,450,195.68
1195,1196,490,440,175.1
1196,1197,490,470,180.76
1197,1198,490,460,186.44
1198,1199,490,450,182.74
1199,1200,490,450,185.62
1200,1201,490,440,185.94
1201,1202,490,450,177.56
1202,1203,490,460,191.04
1203,1204,490,460,185.62
1204,1205,490,450,182.22
1205,1206,490,450,190.78
1206,1207,490,450,187.06
1207,1208,490,460,182.8
1208,1209,490,450,185.96
1209,1210,490,460,188.58
1210,1211,490,460,197.64
1211,1212,490,480,188.9
1212,1213,490,460,195.96
1213,1214,490,460,194.16
1214,1215,490,450,188.92
1215,1216,490,440,203.08
1216,1217,490,450,182.56
1217,1218,490,450,189.38
1218,1219,490,460,184.58
1219,1220,490,450,179.1
1220,1221,490,440,185.5
1221,1222,490,450,183.18
1222,1223,490,450,195.34
1223,1224,490,450,187.24
1224,1225,490,450,189.9
1225,1226,490,450,187.88
1226,1227,490,450,181.88
1227,1228,490,450,176.86
1228,1229,490,450,207.48
1229,1230,490,460,183.0
1230,1231,490,460,187.8
1231,1232,490,460,188.94
1232,1233,490,440,186.86
1233,1234,490,450,189.92
1234,1235,490,450,195.38
1235,1236,490,450,180.52
1236,1237,490,450,190.58
1237,1238,490,460,192.14
1238,1239,490,450,182.4
1239,1240,490,460,184.32
1240,1241,490,460,193.02
1241,1242,490,440,189.96
1242,1243,490,460,197.86
1243,1244,490,460,193.48
1244,1245,490,450,200.46
1245,1246,490,450,193.24
1246,1247,490,450,197.92
1247,1248,490,450,209.76
1248,1249,490,450,215.44
1249,1250,490,450,199.56
1250,1251,490,450,205.08
1251,1252,490,450,207.8
1252,1253,490,450,214.38
1253,1254,490,450,204.9
1254,1255,490,450,211.84
1255,1256,490,450,196.66
1256,1257,490,460,207.28
1257,1258,490,460,207.7
1258,1259,490,450,195.42
1259,1260,490,450,204.16
1260,1261,490,450,211.0
1261,1262,490,460,196.9
1262,1263,490,450,208.38
1263,1264,490,450,202.3
1264,1265,490,450,206.48
1265,1266,490,450,212.96
1266,1267,490,450,205.16
1267,1268,490,450,214.72
1268,1269,490,460,213.5
1269,1270,490,470,192.16
1270,1271,490,450,204.76
1271,1272,490,450,210.44
1272,1273,490,450,199.32
1273,1274,490,440,196.72
1274,1275,490,450,196.04
1275,1276,490,450,193.6
1276,1277,490,450,208.84
1277,1278,490,450,201.04
1278,1279,490,450,203.7
1279,1280,490,460,210.6
1280,1281,490,460,213.96
1281,1282,490,450,207.22
1282,1283,490,450,213.98
1283,1284,490,450,201.62
1284,1285,490,460,206.58
1285,1286,490,460,202.64
1286,1287,490,460,208.78
1287,1288,490,460,214.2
1288,1289,490,460,204.86
1289,1290,490,460,220.54
1290,1291,490,460,203.8
1291,1292,490,450,197.48
1292,1293,490,460,215.98
1293,1294,490,460,195.38
1294,1295,490,460,184.72
1295,1296,490,460,201.26
1296,1297,490,460,210.98
1297,1298,490,450,207.04
1298,1299,490,470,210.1
1299,1300,490,460,225.32
1300,1301,490,460,219.76
1301,1302,490,470,231.34
1302,1303,490,460,217.34
1303,1304,490,450,233.36
1304,1305,490,460,226.56
1305,1306,490,450,218.66
1306,1307,490,450,216.24
1307,1308,490,450,230.56
1308,1309,490,460,219.18
1309,1310,490,450,200.12
1310,1311,490,450,219.1
1311,1312,490,460,208.64
1312,1313,490,450,208.02
1313,1314,490,450,205.02
1314,1315,490,450,210.98
1315,1316,490,450,192.06
1316,1317,490,450,197.06
1317,1318,490,470,217.2
1318,1319,490,450,205.26
1319,1320,490,460,210.18
1320,1321,490,460,196.96
1321,1322,490,450,213.12
1322,1323,490,460,210.5
1323,1324,490,460,213.5
1324,1325,490,460,207.7
1325,1326,490,450,204.88
1326,1327,490,460,203.6
1327,1328,490,460,209.36
1328,1329,490,450,218.12
1329,1330,490,460,213.68
1330,1331,490,460,198.9
1331,1332,490,460,193.06
1332,1333,490,460,204.52
1333,1334,490,450,204.34
1334,1335,490,460,193.64
1335,1336,490,450,198.74
1336,1337,490,460,188.32
1337,1338,490,460,194.34
1338,1339,490,450,189.7
1339,1340,490,460,191.64
1340,1341,490,450,194.42
1341,1342,490,460,210.84
1342,1343,490,450,188.46
1343,1344,490,470,192.86
1344,1345,490,460,195.0
1345,1346,490,460,207.44
1346,1347,490,450,203.94
1347,1348,490,460,194.86
1348,1349,490,460,196.48
1349,1350,490,460,180.12
1350,1351,490,460,191.38
1351,1352,490,470,193.28
1352,1353,490,470,200.66
1353,1354,490,460,195.66
1354,1355,490,450,212.52
1355,1356,490,460,199.0
1356,1357,490,460,187.74
1357,1358,490,470,197.4
1358,1359,490,460,197.02
1359,1360,490,460,202.02
1360,1361,490,450,197.22
1361,1362,490,450,210.24
